Original matrix:
1.000000 3.000000 1.000000 3.000000 
4.000000 -2.000000 -3.000000 1.000000 
2.000000 1.000000 -1.000000 -1.000000 
1.000000 2.000000 -1.000000 -2.000000 

Adjoint matrix:
-1.000000 -6.000000 43.000000 -26.000000 
6.000000 1.000000 -13.000000 16.000000 
-3.000000 -18.000000 59.000000 -43.000000 
7.000000 7.000000 -21.000000 7.000000 

Determinant = 35.000000

Inverse matrix:
-0.028571 -0.171429 1.228571 -0.742857 
0.171429 0.028571 -0.371429 0.457143 
-0.085714 -0.514286 1.685714 -1.228571 
0.200000 0.200000 -0.600000 0.200000 

The values of the variables are:
5.000000
1.000000
0.000000
2.000000
